1711246041137 0.0010000000474974513 0
1711246045699 0.0010000000474974513 1
1711246050652 0.0010000000474974513 2
1711246054310 0.0010000000474974513 3
1711246057929 0.0010000000474974513 4
1711246061196 0.0010000000474974513 5
1711246065951 0.0010000000474974513 6
1711246070885 0.0010000000474974513 7
1711246075554 0.0010000000474974513 8
1711246080541 0.0010000000474974513 9
1711246085047 0.0010000000474974513 10
1711246089541 0.0010000000474974513 11
1711246093951 0.0010000000474974513 12
1711246098977 0.0010000000474974513 13
1711246103235 0.0010000000474974513 14
1711246107809 0.0010000000474974513 15
1711246112260 0.0010000000474974513 16
1711246117046 0.0010000000474974513 17
1711246121587 0.0010000000474974513 18
1711246125585 0.0010000000474974513 19
1711246130212 0.0010000000474974513 20
1711246134565 0.0010000000474974513 21
1711246138014 0.0010000000474974513 22
1711246143092 0.0010000000474974513 23
1711246148006 0.0010000000474974513 24
1711246153224 0.0010000000474974513 25
1711246158608 0.0010000000474974513 26
1711246163721 0.0010000000474974513 27
1711246170066 0.00020000000949949026 28
1711246175312 0.00020000000949949026 29
1711246180610 0.00020000000949949026 30
1711246185768 0.00020000000949949026 31
1711246191251 0.00020000000949949026 32
1711246196882 0.00020000000949949026 33
1711246202011 0.00020000000949949026 34
1711246206995 0.00020000000949949026 35
1711246211833 0.00020000000949949026 36
1711246216677 0.00020000000949949026 37
1711246221708 0.00020000000949949026 38
1711246227296 0.00020000000949949026 39
1711246232217 0.00020000000949949026 40
1711246236972 0.00020000000949949026 41
1711246242332 0.00020000000949949026 42
1711246247420 0.00020000000949949026 43
1711246252609 0.00020000000949949026 44
1711246257944 0.00020000000949949026 45
1711246262813 0.00020000000949949026 46
1711246268266 0.00020000000949949026 47
1711246273937 0.00020000000949949026 48
1711246279601 0.00020000000949949026 49
