1711246041137 14168.7568359375 0
1711246045699 3441.155029296875 1
1711246050652 2683.494140625 2
1711246054310 2519.822265625 3
1711246057929 2362.96044921875 4
1711246061196 2342.87060546875 5
1711246065951 2224.9140625 6
1711246070885 2192.6318359375 7
1711246075554 2167.474609375 8
1711246080541 2173.0498046875 9
1711246085047 2114.5654296875 10
1711246089541 2103.912841796875 11
1711246093951 2051.65673828125 12
1711246098977 2040.5592041015625 13
1711246103235 1983.5792236328125 14
1711246107809 2025.82177734375 15
1711246112260 1969.695556640625 16
1711246117046 1959.9542236328125 17
1711246121587 1931.479248046875 18
1711246125585 2006.7791748046875 19
1711246130212 1950.9788818359375 20
1711246134565 1886.585693359375 21
1711246138014 1906.8948974609375 22
1711246143092 1877.2850341796875 23
1711246148006 1862.5654296875 24
1711246153224 1889.383056640625 25
1711246158608 1848.8714599609375 26
1711246163721 1827.9786376953125 27
1711246170066 1851.8687744140625 28
1711246175312 1803.869384765625 29
1711246180610 1766.9976806640625 30
1711246185768 1786.8800048828125 31
1711246191251 1738.0142822265625 32
1711246196882 1769.21630859375 33
1711246202011 1753.0819091796875 34
1711246206995 1757.7755126953125 35
1711246211833 1718.1375732421875 36
1711246216677 1736.5062255859375 37
1711246221708 1766.0369873046875 38
1711246227296 1742.2972412109375 39
1711246232217 1725.6922607421875 40
1711246236972 1725.414306640625 41
1711246242332 1715.3052978515625 42
1711246247420 1709.2542724609375 43
1711246252609 1727.0577392578125 44
1711246257944 1689.414306640625 45
1711246262813 1743.648193359375 46
1711246268266 1714.98095703125 47
1711246273937 1709.3031005859375 48
1711246279601 1688.9364013671875 49
