1711246041137 14175.947265625 0
1711246045699 3439.597900390625 1
1711246050652 2679.8359375 2
1711246054310 2516.8837890625 3
1711246057929 2360.552734375 4
1711246061196 2340.22314453125 5
1711246065951 2222.36572265625 6
1711246070885 2189.4892578125 7
1711246075554 2163.797119140625 8
1711246080541 2169.344482421875 9
1711246085047 2111.315673828125 10
1711246089541 2100.22265625 11
1711246093951 2048.562744140625 12
1711246098977 2037.634033203125 13
1711246103235 1980.9384765625 14
1711246107809 2022.9637451171875 15
1711246112260 1966.7462158203125 16
1711246117046 1955.6885986328125 17
1711246121587 1928.7034912109375 18
1711246125585 2003.4345703125 19
1711246130212 1948.9794921875 20
1711246134565 1883.9085693359375 21
1711246138014 1903.869873046875 22
1711246143092 1874.1949462890625 23
1711246148006 1859.4105224609375 24
1711246153224 1886.2813720703125 25
1711246158608 1845.50244140625 26
1711246163721 1824.332763671875 27
1711246170066 1849.70703125 28
1711246175312 1800.7034912109375 29
1711246180610 1763.776611328125 30
1711246185768 1784.3514404296875 31
1711246191251 1734.7413330078125 32
1711246196882 1765.5018310546875 33
1711246202011 1749.8529052734375 34
1711246206995 1755.1116943359375 35
1711246211833 1714.6951904296875 36
1711246216677 1733.2464599609375 37
1711246221708 1762.977783203125 38
1711246227296 1738.7352294921875 39
1711246232217 1722.3201904296875 40
1711246236972 1722.099609375 41
1711246242332 1712.50439453125 42
1711246247420 1705.2847900390625 43
1711246252609 1724.04638671875 44
1711246257944 1685.9171142578125 45
1711246262813 1740.2130126953125 46
1711246268266 1711.4102783203125 47
1711246273937 1705.9041748046875 48
1711246279601 1685.818603515625 49
