1711246041137 93.64187622070312 0
1711246045699 42.056968688964844 1
1711246050652 36.80448532104492 2
1711246054310 35.20695495605469 3
1711246057929 34.26374053955078 4
1711246061196 33.489566802978516 5
1711246065951 32.99299240112305 6
1711246070885 32.27647399902344 7
1711246075554 32.02622604370117 8
1711246080541 32.033538818359375 9
1711246085047 31.579633712768555 10
1711246089541 31.39571762084961 11
1711246093951 31.06549835205078 12
1711246098977 30.94379425048828 13
1711246103235 30.37571144104004 14
1711246107809 30.707700729370117 15
1711246112260 30.3066463470459 16
1711246117046 30.128076553344727 17
1711246121587 29.884227752685547 18
1711246125585 30.332721710205078 19
1711246130212 29.79180145263672 20
1711246134565 29.298276901245117 21
1711246138014 29.458898544311523 22
1711246143092 29.115633010864258 23
1711246148006 28.94202995300293 24
1711246153224 29.22899055480957 25
1711246158608 28.987648010253906 26
1711246163721 28.602853775024414 27
1711246170066 28.703310012817383 28
1711246175312 28.53314781188965 29
1711246180610 27.930461883544922 30
1711246185768 28.08446502685547 31
1711246191251 27.78645896911621 32
1711246196882 28.055004119873047 33
1711246202011 28.017810821533203 34
1711246206995 27.864192962646484 35
1711246211833 27.558494567871094 36
1711246216677 27.679075241088867 37
1711246221708 28.05593490600586 38
1711246227296 27.870288848876953 39
1711246232217 27.640331268310547 40
1711246236972 27.550880432128906 41
1711246242332 27.493101119995117 42
1711246247420 27.489410400390625 43
1711246252609 27.636295318603516 44
1711246257944 27.39248275756836 45
1711246262813 27.82684898376465 46
1711246268266 27.461776733398438 47
1711246273937 27.25788688659668 48
1711246279601 27.299131393432617 49
